0.0,0.0,0.0
1.0,0.0,0.0
0.8888888888888888,0.0,0.0
0.7777777777777778,0.0,0.0
0.6666666666666667,0.0,0.0
0.5555555555555556,0.0,0.0
0.4444444444444444,0.0,0.0
0.33333333333333337,0.0,0.0
0.22222222222222232,0.0,0.0
0.11111111111111116,0.0,0.0
0.0,0.0,0.0
1.0,0.0,0.1111111111111111
0.6203566289062946,0.31361984496776235,0.4731765812854977
0.5319602642380288,0.3408486779789115,0.4907550038212152
0.5199290692446151,0.3185985948536138,0.5219901840472587
0.4907203577546688,0.3068462231282597,0.5245562819633441
0.48668002862583976,0.3111414421079281,0.5223815967300537
0.4809722202622787,0.3191836528572355,0.5206042683122133
0.4644991821508009,0.3351347793197907,0.4978676546540496
0.3809932436024499,0.3227891040992964,0.46822127936950847
0.0,0.0,0.11111111111111116
1.0,0.0,0.2222222222222222
0.6135994556363774,0.3389376235946197,0.5574234366186676
0.5662531378960474,0.31456962217088746,0.5712194684799069
0.5100931211832583,0.3334403468162495,0.5855577453820395
0.49432406276252,0.33039406415093886,0.5830683312882813
0.48497778060047453,0.3314754964314678,0.5817794987289225
0.46360949542980157,0.3307669792254295,0.587843418682927
0.4198984953809671,0.3142877661781421,0.5775296426917024
0.3749083709340072,0.33705219041427925,0.564361907427347
0.0,0.0,0.22222222222222232
1.0,0.0,0.3333333333333333
0.650003404186897,0.33557879101976096,0.5827331566958704
0.5926675470689318,0.33630332716975936,0.5898873448908953
0.5388230876887085,0.32649435230470053,0.6101192608220388
0.5112311977508123,0.3255010583231985,0.6246083440333574
0.47281509185727016,0.3246113243109494,0.6347393898581827
0.44402627672794304,0.3240098599051257,0.6329202325903656
0.40425180380894227,0.32983321261562754,0.6182814666413661
0.3411747040186249,0.32538342364388334,0.5799102063060639
0.0,0.0,0.33333333333333337
1.0,0.0,0.4444444444444444
0.6632211762771102,0.32691513263063426,0.5784781977152185
0.624985585344432,0.3372542171626369,0.6116561390826538
0.561749068400855,0.34694514268024446,0.6376241906266223
0.5175799459106762,0.3353103059527887,0.6522726391651177
0.4736512342312365,0.3333302123953976,0.669500301080916
0.40496713409232793,0.3218407367449927,0.6457860373766401
0.38106673492977194,0.3402036342136671,0.6335616931798836
0.3297735470685415,0.3226029850719394,0.5903086446160549
0.0,0.0,0.4444444444444444
1.0,0.0,0.5555555555555556
0.6739062879938098,0.3166805318384698,0.5854585951474562
0.678289971671759,0.3233665244368136,0.6561933230435947
0.5822435562757781,0.34554123252085234,0.6482150665473847
0.5097219976190928,0.3152836085165064,0.6855654147613943
0.47797308994810356,0.3356276440215732,0.6643869441682176
0.39250961599141726,0.3427386972431096,0.6715262384717902
0.3441138750131677,0.3437299160792056,0.6505715381895565
0.32686385928696104,0.3488398385666281,0.6103292300437526
0.0,0.0,0.5555555555555556
1.0,0.0,0.6666666666666666
0.685681438510346,0.3364013932252057,0.5846418748223877
0.6546510424925073,0.344641364632508,0.6445288787849943
0.6368377853178874,0.32535494919077346,0.654216136763253
0.5080710296004891,0.30817211454255683,0.6896575796085225
0.4835952923110744,0.3185912228304663,0.6616190155681464
0.38288942714961016,0.35094465073951786,0.6638997517318447
0.35210211379117023,0.3537815976924011,0.6349024729388845
0.30765721877794844,0.32956409036593903,0.5852326821282361
0.0,0.0,0.6666666666666667
1.0,0.0,0.7777777777777777
0.6623674447923148,0.3629319905784437,0.5584884694989697
0.6895200860925085,0.3393631286469996,0.6540099651232788
0.6043966678574361,0.3574720747944598,0.6522975016345225
0.5152081753593881,0.34299091486957584,0.6702210163062856
0.4873869989604741,0.3380571788444822,0.6700448889842896
0.3716051199977249,0.3443180195256941,0.6540051486848525
0.3226109089198978,0.3519356634503703,0.6438400062921379
0.33567637496093417,0.3435763671472017,0.564149821698364
0.0,0.0,0.7777777777777778
1.0,0.0,0.8888888888888888
0.6841953350358726,0.35702646248323694,0.6498781711517512
0.6026058148554467,0.3634009559585503,0.65566686307113
0.570295617680829,0.3539296279742256,0.6537783173552381
0.5087904887959905,0.3381660337396939,0.6642764414165754
0.49133326123133836,0.34402438206481567,0.6670857631775714
0.41080613597576715,0.3316294158826307,0.6655821527041107
0.37927035230947376,0.34750019852723857,0.6673792981360182
0.31578082126086104,0.3577674006947125,0.6508372358130777
0.0,0.0,0.8888888888888888
1.0,0.0,1.0
0.6307396038770383,0.3919617032280865,0.701164053376105
0.5676374994992203,0.37625463097231904,0.6978216724419187
0.543164328022792,0.3556626305693405,0.7001068892591114
0.5055479416718813,0.34308173352156873,0.7064323270049885
0.4897474469347995,0.3435528996969722,0.705648885776712
0.46331309065537296,0.362722602443066,0.7075239327111486
0.4321427302733486,0.3803286814231542,0.7044349863338679
0.36632171734975155,0.3885187166537616,0.7042727830469978
0.0,0.0,1.0
1.0,0.0,1.0
0.6301512090462092,0.39264943049909223,0.7025917248338901
0.5637703905138536,0.37476171685612514,0.6997891875129086
0.5264294409323589,0.3447304480742843,0.7042524122450624
0.5030139222823935,0.3463966213544507,0.7081979348810885
0.4873901924380249,0.3463128236367242,0.7086231634107205
0.46119926512751436,0.36628606389463875,0.7095560595694267
0.43352022420664266,0.3840307380806408,0.7084417770485965
0.36567422842951836,0.389414892760756,0.7055356233348912
0.0,0.0,1.0
1.0,0.1111111111111111,1.0
0.6219333657819053,0.4490644658514848,0.6880821616721826
0.5927610996228658,0.3997662964915078,0.6820398823829991
0.5371493227959274,0.397310530462612,0.6874541928931593
0.5033642268807426,0.36848575111955983,0.6965647221445297
0.47431204186597803,0.3773659472041701,0.6974704480637057
0.44062042688912767,0.39687337010740814,0.6887714190788813
0.39798320914633717,0.39712172058093237,0.6825835623092072
0.38593362037160317,0.463126896343287,0.6873443963612984
0.0,0.11111111111111116,1.0
1.0,0.2222222222222222,1.0
0.6274740036012584,0.4827206725310672,0.6761621238512784
0.5937386935847061,0.4417146529632031,0.6695278364724759
0.5696572326046907,0.3995725007529389,0.6637308044421178
0.5113327594166017,0.3838220684534954,0.6804870958960568
0.475303183967404,0.3922251042808897,0.6849718889741016
0.39881704890951064,0.3966396397237021,0.6653967755105178
0.4073184019529887,0.4476137279907667,0.6711079950693128
0.3785073876005558,0.49356561603379184,0.6794857751470603
0.0,0.22222222222222232,1.0
1.0,0.3333333333333333,1.0
0.6205156614224991,0.47093894415123333,0.665039081638246
0.5835263051881442,0.4469030268612082,0.6639702748343321
0.5910216192795745,0.4108731410018737,0.6629488422068038
0.5128305858748904,0.359136244930826,0.6856665600593919
0.4669370277863361,0.3819250726729435,0.6642475194238087
0.4001272132749672,0.40482526890214876,0.6736171537248828
0.4301688675398628,0.48197212303266107,0.6691743966697711
0.38475072954514206,0.49804348860025593,0.6610724293167096
0.0,0.33333333333333337,1.0
1.0,0.4444444444444444,1.0
0.6353739045260445,0.47983577695600216,0.6892659935166414
0.5615296953303671,0.4682782739629916,0.6685754464661454
0.5480588471131078,0.44492658545820823,0.6611572988547383
0.5263253715853577,0.4268133743751212,0.6808528101814871
0.4661556661914707,0.4174130028440507,0.6603570847616578
0.4297109652328895,0.44335420833923717,0.6794967891559971
0.42290787204614655,0.46104651899946936,0.6740792351984366
0.3526064442152091,0.4905729915498499,0.6865383676786528
0.0,0.4444444444444444,1.0
1.0,0.5555555555555556,1.0
0.6505624210127899,0.508790228013187,0.6851699423796526
0.5706361833196826,0.538967586402363,0.6745934865733961
0.5734934518189159,0.5654357758326802,0.6817263297483435
0.532140800933488,0.5665801576274471,0.6882297487219046
0.48686580038553734,0.5766641572644641,0.6622087324917966
0.4517277924175119,0.5463861641957537,0.6605656923536944
0.4345016384616266,0.5341667641863077,0.6654640100301955
0.3649598065502628,0.5185358489054284,0.6873415612569028
0.0,0.5555555555555556,1.0
1.0,0.6666666666666666,1.0
0.6195004263124233,0.5024662032842723,0.6610316513938973
0.5753763666181716,0.5316936803212442,0.6687725084491252
0.5963059662766871,0.5957880985914437,0.6687345570839264
0.5187512709855959,0.6170692517559998,0.6648392586724322
0.48448817045294185,0.6357372211218272,0.6854576536125195
0.4176243669446101,0.5814607060103435,0.6603117752936128
0.42085185394444996,0.5369202151553308,0.6629496976534289
0.40776272964682775,0.5199120763044642,0.6661143733678033
0.0,0.6666666666666667,1.0
1.0,0.7777777777777777,1.0
0.6270291611422394,0.5075542187667536,0.678181861407726
0.5982490000225341,0.551305916779414,0.6714697959649764
0.5912074005827521,0.5978760391346819,0.6663426515804036
0.5136250364526556,0.6086064002683812,0.6863004726101286
0.4931172314112723,0.6112251704429481,0.6826717601637733
0.4239695077943632,0.6025437646386221,0.6615001882720132
0.4066037738833649,0.5484725302586095,0.6705423961184981
0.3743573666645679,0.5127108437069837,0.6781925129996188
0.0,0.7777777777777778,1.0
1.0,0.8888888888888888,1.0
0.623884907106082,0.5473050801835133,0.6878086184593124
0.6072035170075991,0.6079043931226064,0.6827804438071694
0.567931878289266,0.6158874750590964,0.6894829864883129
0.5247121127724184,0.6238243102948646,0.6975865426303325
0.5022559766399325,0.6364878028296114,0.6969530844935242
0.4671740980855866,0.5968331075861333,0.6879107578312218
0.4033234823856705,0.6057371520877961,0.6816347085863368
0.38531580534821935,0.5445726485321142,0.690831495686039
0.0,0.8888888888888888,1.0
1.0,1.0,1.0
0.6336013397902925,0.609911143802003,0.7068242741641134
0.5716259465640592,0.6155331782462713,0.7084863230063616
0.5398827904908097,0.6341286507614287,0.7090175142405247
0.5175870834339911,0.657652528839391,0.7087514490214799
0.49741223678463153,0.6536200419958783,0.7081574938049696
0.4713084482632437,0.6361323136390855,0.7037037282429411
0.4413223096519487,0.625537693169436,0.7006106412550629
0.3710691693160065,0.6072857462282111,0.7038039866231108
0.0,1.0,1.0
1.0,1.0,1.0
0.6329535417374667,0.6107939846646626,0.705551993948833
0.5702528228432183,0.6287601635656069,0.7070401976965247
0.5373397479587053,0.6374258150606236,0.7069235015777219
0.5149239160568548,0.6603511079778134,0.7059519692708714
0.49419476371640014,0.65672491853993,0.7062073174317485
0.47821010754565596,0.6353343556949698,0.702737743981169
0.43799909793298236,0.624178052551975,0.6980126352709534
0.3704729923393386,0.6079742774868934,0.7023672328393891
0.0,1.0,1.0
1.0,1.0,0.8888888888888888
0.6842759477770656,0.6418907805487245,0.6509917246765237
0.6277796058956141,0.6540283654775637,0.6655170823696742
0.5868533442668978,0.6733002670880568,0.6617124132442612
0.5093722682956106,0.6609870192829923,0.6662762198350808
0.49076608547357337,0.6647260794884815,0.6854584290121546
0.4326145797474903,0.6451732705357406,0.6502775653228321
0.40815137092090015,0.6366958101092407,0.6451754432605817
0.3166449574082202,0.6435592588582231,0.6501571956240223
0.0,1.0,0.8888888888888888
1.0,1.0,0.7777777777777778
0.6994988751661333,0.6547943555527348,0.5840976371387193
0.6920047072115734,0.6597969983114054,0.6532341327281732
0.6270623842504149,0.6604795967999785,0.6553009184126155
0.5219060643967566,0.68097731618173,0.673600706076033
0.487577878422874,0.662039699575294,0.6707302211076723
0.4057661330165319,0.6423288689314656,0.6420694354996659
0.31086354230323415,0.6613267784218647,0.653326911861708
0.33734964669219164,0.6370850631946644,0.558109809037722
0.0,1.0,0.7777777777777777
1.0,1.0,0.6666666666666667
0.6903346750320493,0.6744019182314369,0.5911994735118651
0.6605730393000329,0.6453949717066721,0.6457633103706218
0.624907705974228,0.6561696380825703,0.6594879684372691
0.5166237395370336,0.68151106336864,0.6618784387045504
0.4901574947760526,0.6589490147856444,0.6828444335380323
0.36358214596875194,0.6748672810424526,0.6537220412762759
0.3453156065233758,0.6552992332986771,0.6437183428144895
0.3140245720632058,0.6635806072594586,0.5843533702494581
0.0,1.0,0.6666666666666666
1.0,1.0,0.5555555555555556
0.6778784077757694,0.6570085004968914,0.6096993867601549
0.6744405760601182,0.6761140073562725,0.6525455370480503
0.6143429001083056,0.6599542235341177,0.6671311137949969
0.5285281491976563,0.6745340131814372,0.6670194183202758
0.4891535087104744,0.6848274728414161,0.6857733521709977
0.4097452884571471,0.6486400570269897,0.6561604358425259
0.3209026373129113,0.675754010885818,0.6556205470179085
0.3356952863397685,0.6576136193488588,0.575538350092793
0.0,1.0,0.5555555555555556
1.0,1.0,0.4444444444444444
0.6631637628422064,0.6732019148034579,0.5956876786231805
0.6301014046145826,0.6709214915995054,0.6324913532052933
0.6143195528900076,0.6825284671037567,0.6503036037941226
0.5299747031371896,0.6670443334509122,0.6698464170596713
0.48267001933947307,0.6643465861964282,0.6522162824730907
0.42639257268787917,0.663398948544423,0.6293647741457418
0.3826704051570532,0.657598326870056,0.6076653429823703
0.3240287382075652,0.6672555709890111,0.5859613660291562
0.0,1.0,0.4444444444444444
1.0,1.0,0.33333333333333337
0.6586698008745849,0.6679742548164697,0.5851834899658348
0.6001968491018158,0.6678060282939506,0.6260553509328753
0.5678326896236336,0.6745114371080355,0.6343928722584233
0.5212761159587364,0.6740234334842774,0.6317807381135218
0.49331563888383956,0.6740134645560889,0.6138831107067614
0.4666545340329182,0.6647547965541377,0.5951537182738318
0.41250994229311233,0.6628372183611597,0.5851869055615605
0.3492102582016124,0.663054451550448,0.5823479968430154
0.0,1.0,0.3333333333333333
1.0,1.0,0.22222222222222232
0.6264958628024377,0.6617933085286394,0.5593231128141015
0.5632260360809772,0.6614443540379364,0.5799436181396666
0.5335129226040002,0.6722762189612899,0.5858533313654463
0.5162459765749652,0.6723883415545809,0.5875258591171955
0.5139140908865544,0.6683959487979009,0.5840792917248303
0.4875387696440099,0.66738351976912,0.5857921822340381
0.45317545579612656,0.6631511627887804,0.5784010368863729
0.3824935761155048,0.6614475589259322,0.5620819338824918
0.0,1.0,0.2222222222222222
1.0,1.0,0.11111111111111116
0.6091323124666401,0.6710809843423202,0.473841610680972
0.5331399207743652,0.6676756799625104,0.499713899863288
0.5295797186989973,0.6791656953326153,0.5238938413244666
0.5035500117878519,0.6883193421981119,0.5216023875879153
0.4974787862815299,0.6916229822697724,0.5245029265461703
0.4959860511515811,0.6828494192424353,0.5221959685786866
0.47269769066644995,0.6589938619504057,0.48984519913342434
0.37449547191878946,0.6865861174193725,0.4740442804689323
0.0,1.0,0.1111111111111111
1.0,1.0,0.0
0.8888888888888888,1.0,0.0
0.7777777777777778,1.0,0.0
0.6666666666666667,1.0,0.0
0.5555555555555556,1.0,0.0
0.4444444444444444,1.0,0.0
0.33333333333333337,1.0,0.0
0.22222222222222232,1.0,0.0
0.11111111111111116,1.0,0.0
0.0,1.0,0.0
0.6604781058628826,0.3454588052822424,0.35317996027330106
0.5672871804896606,0.34315279243155145,0.36206052012441714
0.5790953399464994,0.33645761479547,0.439739314522498
0.5215490597976964,0.30705438274597463,0.3707087470052352
0.4936672753664211,0.3013910177453271,0.4322294932192585
0.4968503410146552,0.2904426735723213,0.43941024164758263
0.49114468771500064,0.2866191594704323,0.4873480578691862
0.500582015008213,0.32367349833543396,0.413875120746566
0.4796985142129429,0.33038921747470246,0.40310353409993954
0.39344843422454795,0.3288843086000609,0.35664302016031146
0.4432277307032026,0.3252634221319548,0.42811001123791614
0.34750166206806954,0.3255639370364442,0.42954695005427157
0.6707716941207648,0.47918445393206366,0.6900614572087399
0.3362882382646454,0.48919420912258754,0.6897712283759303
0.6423312314493658,0.4881240484416359,0.6629117971986704
0.3641778379402167,0.5177947684200382,0.6667210129568316
0.6800182619908783,0.5001696019915299,0.6887259006650962
0.3377591938364621,0.5145962082427813,0.6918512930544873
0.660290544446475,0.6681624355344272,0.42608818616109134
0.5555956655336782,0.6772692952450982,0.42959186549147205
0.5999026828534367,0.6635066397513413,0.3583374052854309
0.5197007437444987,0.6851291083924514,0.3636837645613695
0.5053756615226414,0.6947402898638553,0.42779537008741364
0.5006025914107386,0.7137861949866722,0.4914483604309375
0.5028899876005217,0.7073516139164033,0.43816728803228167
0.501449189871959,0.7060784862050108,0.43824849258080545
0.48267462755815904,0.6715347970464483,0.4106343418122831
0.42114792067608436,0.6644293144151042,0.4406474563992446
0.4327714913992736,0.6727820176590464,0.3620570738910634
0.33993014305305236,0.6602068179973631,0.35943653939536946
0.49750243551925766,0.28070348434919073,0.48199588208326816
0.6719505743280212,0.3162526743515457,0.5481349634238544
0.6581445323376046,0.3287170639304199,0.5578933548691933
0.3380314251934252,0.32142535039046927,0.5702206741981195
0.6849777430395907,0.30795628146024423,0.5435693421534437
0.30644796441249544,0.3072514666888041,0.5615307705398167
0.7017692152360614,0.31978128485066887,0.5470744123300055
0.29849785002975726,0.3244875137519801,0.5612397393182468
0.6913683968854462,0.3534478452382657,0.5247500422568121
0.319490319273169,0.33262715979381735,0.5298428953305117
0.2980576426153529,0.3771006229992448,0.5705415805775064
0.6722632583643267,0.4841941654059179,0.6852378919385643
0.6713130668137716,0.4868942692825541,0.6715128725116518
0.32433856486523305,0.498097769868287,0.6760524337054173
0.6696461528886587,0.4985846146643252,0.6748085093503005
0.3294824542895071,0.5011446715333628,0.6755894770560247
0.6797180788670101,0.5003748904893099,0.6720173191865483
0.3248470882583572,0.506804078359494,0.6730310874314283
0.3344805006788146,0.49621731192018464,0.6917273033863777
0.7040427943579433,0.6254157992784797,0.5660015968076128
0.6812452861192481,0.6670120853767467,0.5295174000628452
0.3074234417647179,0.6450766332610682,0.5199484109994993
0.698730787214577,0.6738500216339,0.5692452903385131
0.2970893898744677,0.6800893639890199,0.547221642030467
0.6914074491905664,0.6910109659026858,0.5686684270407739
0.31485973153856683,0.6907429580191441,0.5416494795104879
0.6651730111261568,0.6752572389307594,0.5674077859301445
0.3411805805992512,0.6719497505691273,0.5533801047823879
0.3297528067479978,0.6863190147660763,0.5473319611984544
0.5058772713908086,0.7232667101096896,0.47976868015336477
0.7170700973035997,0.31494186778486444,0.3776020382150767
0.6494852076403627,0.3041952431227959,0.49201763604662285
0.6790053238836781,0.2810228343212887,0.4882815003930407
0.3107163312440562,0.2838472219662787,0.46319622355403395
0.3510043562696872,0.3101714385980373,0.5178266484458225
0.33450546259522246,0.2857086286851923,0.5242407207848447
0.683688664231637,0.3688567613274567,0.577703746283267
0.7163971482449395,0.37867841599510077,0.6155728723194579
0.335177694076041,0.37824997607594046,0.5873960378547591
0.6821564712023779,0.3773027737580667,0.675621780546871
0.7157089896167553,0.3698636128551431,0.7168234793429931
0.28334524977451764,0.37212393081804995,0.6809714725801522
0.32761224933137134,0.3828907856901294,0.6909852111754804
0.6852678937642487,0.4739502648809224,0.7185413744369539
0.32522980701676074,0.49808712440585023,0.7104420890170052
0.6725856220394583,0.4972938831994771,0.712050871674595
0.31340220823543713,0.517293507498473,0.7172219059012541
0.6727122021358615,0.6164132873330633,0.6916849421023616
0.7167132013451728,0.6268359938079774,0.682254088484589
0.2822426634157985,0.6292868755162356,0.7159080871855348
0.31734455114837923,0.6230190470643094,0.6747267253159047
0.6652119098895815,0.6209761032920265,0.5876479464813588
0.28283950122671825,0.6210125465772717,0.6152145284316783
0.31437093021862733,0.6190086410438314,0.5784425401054386
0.6613268334632889,0.7183641772693353,0.5319746618762808
0.649837077009803,0.6897770238643902,0.5185312978892904
0.6901184163566604,0.7151272161916119,0.462984260758989
0.3256078977014678,0.7252142905184251,0.4947453756170862
0.35476108540796525,0.694926713608005,0.4910999994537089
0.28353967158572785,0.6862327856042456,0.3782546331159366
0.4987912010415916,0.2714310919953536,0.46161705622544486
0.4862108199212929,0.2836134008443491,0.44816764213689453
0.65287553481128,0.3038111366705273,0.546537671426948
0.3408846191256491,0.31461387374380057,0.5607361113547998
0.6656743547235185,0.32773006975101804,0.5742188381753327
0.3351871653641493,0.33078204535352923,0.5839521730410242
0.6811604307808156,0.3169645185357253,0.5760777985627182
0.32661390995176115,0.3166896549545659,0.5769133640792199
0.7165915123913051,0.4045603025722366,0.752385607144168
0.2774847374627573,0.380459322638614,0.7634005448604174
0.3363007665882185,0.42665506095764405,0.7245163089020843
0.29437468727585014,0.45826768729762474,0.7438198330724428
0.34270748159231934,0.4826848275153155,0.7101113204536108
0.39958986662148993,0.5057280273176926,0.6773277226691734
0.6640558397539698,0.5214960340014478,0.7093615712208804
0.7045869831581383,0.5417468108713513,0.7446744875193471
0.6619977478235776,0.5737206713218085,0.7256604278097405
0.7236513889415961,0.6196082598777919,0.7620873547000626
0.2811461441449254,0.5950827037484979,0.7505097479460301
0.6660013120949394,0.6791192805005516,0.5806606277970283
0.31610986415114917,0.68671026020778,0.5713168249989888
0.6816731894572771,0.6610486427749652,0.58748845218208
0.3409591563210178,0.6756097278236386,0.574253292628225
0.6573114476155251,0.6866719469210013,0.5602101869626498
0.3479309094219502,0.6963316824183735,0.5457246214444418
0.5084689372396831,0.716027144792445,0.44729375536308424
0.4930038150782086,0.7312691935427575,0.4630858506531036
0.2899666053973949,0.26831799566470055,0.3674181794957536
0.3533371800485919,0.5059753336158991,0.6874023338945131
0.7111139476281064,0.7289064712205126,0.3656341002190887
0.530218063058932,0.2768979720706056,0.43992092421582324
0.6671789433660804,0.40054851934152874,0.7356977675915983
0.6640263262580599,0.4561602283583108,0.7165284066658343
0.5697482800782173,0.46777525749245147,0.6714413925348036
0.6042445927588457,0.5106755721525061,0.6736036149561221
0.49129823607521184,0.46921834333886403,0.6708895108698518
0.5117726055177285,0.5448820808785818,0.6726849274611653
0.44760674685417245,0.515942827220751,0.6650222655518847
0.3358996769655781,0.5355240528421864,0.715986169693568
0.33437987018780346,0.5997554459279717,0.7369135722879646
0.47112492227785346,0.7267538415407669,0.4443637058884751
0.7357760517491055,0.2847671496551923,0.27549601969392645
0.6243827686003395,0.26716016122247915,0.29127639171419395
0.5360127795337432,0.24187306211502163,0.32479854150172893
0.5025510167046054,0.23878584472479153,0.33217376036327767
0.4994961155146454,0.237281402504933,0.33192096686581174
0.49943569403409754,0.24089392385411176,0.3294814468814964
0.4623055115332765,0.2431926352354163,0.3221616560020774
0.3647788582462551,0.2732242812617718,0.28533342539995604
0.6711520429931562,0.49072117465504733,0.6893522163589023
0.6339800273485093,0.7267546082934225,0.283696628406297
0.6335271115295769,0.6826761889965419,0.3590628871752211
0.538498525565465,0.7480358491712564,0.31236606357884383
0.5413663581627715,0.7106820887656712,0.39040469565783
0.5003135902780239,0.7603394603186232,0.330164671030671
0.49803058455056415,0.7609933367116857,0.3299170695505302
0.4991059504625038,0.7658831526231529,0.33774246544308895
0.46221463708329585,0.758144472038696,0.3254556635485762
0.3754196696246334,0.7340398730939109,0.29298292541322185
0.2635983556660348,0.713608519504325,0.27422180720982414
0.5923733828219747,0.293952084777176,0.36603708423845943
0.5268060226117218,0.27138797160715306,0.3981641612441147
0.35993564896396973,0.30591609908942663,0.3556105149309037
0.7244969914398344,0.2413462805138471,0.5425712282353923
0.7368748359541022,0.266699035527696,0.5432903620904238
0.2655281437771699,0.26115559594460347,0.5504032054402613
0.757557032013535,0.2891145832838302,0.5336391348308782
0.2421530258905884,0.28839543150404423,0.5379005432655839
0.7847054810123685,0.3119337858311103,0.5627311182819957
0.21725993882919595,0.31207325685128245,0.5581495111008806
0.3026828865949344,0.34312258791753697,0.5539452866495401
0.20880789238366187,0.3141661009064037,0.6432037631784937
0.6662669001637008,0.4882284598639221,0.7162150182428344
0.7568050432500996,0.4952566741959957,0.7369635351144832
0.24853218918016792,0.497858179357214,0.742327248353019
0.751176175905908,0.497163846844975,0.7343440033775273
0.24548399693202913,0.49897568632227873,0.7311094431336133
0.7537146420708559,0.4992922092241204,0.74061826460566
0.24368227088983033,0.4977744351480366,0.735425317153586
0.7972630289642036,0.6837625271330929,0.6402860440315155
0.6982997147529786,0.6600910792649105,0.5528116806794127
0.7875480711821625,0.6859225934272232,0.5571788820735174
0.211871506106342,0.6855351731071073,0.5578900254003744
0.7586704077526314,0.7108825005048989,0.5381604024976464
0.240245241091727,0.7099174513947126,0.5344033753042383
0.736696141787247,0.7368936497891239,0.5512571468237741
0.25997792896947086,0.7309882630320331,0.5402032271824115
0.27474649052216,0.7590549928940463,0.5417195312231354
0.25106923405795395,0.20777478506096073,0.3210088690940295
0.7486652241044269,0.7931066752216632,0.321663206654515
0.6716922833000928,0.29822283780185677,0.3482821435150011
0.7099438687530074,0.3050295038793899,0.34277137644882255
0.5630378629035032,0.27910881104475976,0.36882614608090364
0.5101940931862217,0.26757002660838936,0.38899092030449944
0.49008921228476615,0.2646587403572312,0.3913360606510006
0.40639714178539404,0.2831568500346263,0.38151265350803554
0.5932006928361417,0.7156265087212098,0.3798061654722493
0.6070839838857747,0.7110550184552445,0.3546562475900425
0.5163973439281249,0.7206514014493314,0.3706419120637695
0.46496601620125794,0.7405114115278111,0.3949078220648164
0.4790370478080462,0.7355168513482915,0.39085927740732407
0.4014643330797979,0.7175038912223115,0.3622823795700498
0.43741835796229095,0.7226856089225934,0.36979625776059405
0.28973526184617315,0.6974180856012774,0.34537948608450963
0.32964178642707326,0.704863300071956,0.35014260106316597
0.7558393818061974,0.21984696426835842,0.4943915985305216
0.2522868643997675,0.22934612876146135,0.5321469915950034
0.767350975402663,0.4833897496461554,0.7741533941879205
0.23077557594342596,0.5076464074143925,0.7723783211036502
0.32884321318694826,0.5148440130823334,0.7252202143633403
0.6839301328741003,0.7194719763447812,0.555342135237492
0.7474352428229359,0.7706388756404883,0.532283258592014
0.24531236191125133,0.7811956785335992,0.49458985383333454
0.3208153460314855,0.27386133221583425,0.46602079778859834
0.8133429913354013,0.28780530744507227,0.6663179815864652
0.8098430764394882,0.28650657120956596,0.7785605711848486
0.19073041407124222,0.28616031501642514,0.7657967345512181
0.8096022505407601,0.7141556695677812,0.7647565598236902
0.18931345421290363,0.7133810944752988,0.7776328342154677
0.18776076243381212,0.7109453303484945,0.6684508511397597
0.610262805473574,0.27146523981093196,0.3747556409354033
0.3861445379771999,0.2829413116555644,0.34622894340453203
0.5133311559375435,0.7430770714024082,0.3824886446519085
0.38855765360690325,0.7276682444169071,0.3751755886993885
0.33210798621418186,0.27427150985245985,0.5486049584592885
0.7204219099661844,0.3352228279171595,0.5673753800867256
0.2980387164434287,0.3322741815944793,0.5600500256196469
0.7029652584280938,0.6654827307027125,0.5578870235672772
0.27755196807734656,0.6573903417910982,0.5642854416070828
0.8245593537135222,0.21573694045535116,0.2741237277384495
0.7945310642704159,0.19103667112552652,0.3913109128323734
0.20580272162789612,0.18773524883605797,0.3815965209921734
0.2805599469000659,0.2657051911642143,0.4068139274512154
0.22103188144799654,0.19746092817294827,0.4683575190705722
0.7155208994590903,0.3512054754825516,0.6116702242125703
0.71432954773478,0.3410032364700507,0.7096625773303281
0.7983421805700552,0.40316231023583093,0.8143673863451861
0.20907637709052168,0.4742378404302965,0.7965918411238522
0.3042297657161542,0.47814997705070744,0.7435940284813539
0.6956721436229176,0.5218451241524853,0.7435992621173991
0.7877035326878279,0.5262325146543425,0.7991727118464766
0.20119300533609008,0.5972752965879087,0.8135860833373559
0.2835106761404344,0.6587749452296616,0.7079153135013002
0.2843570994857274,0.6488639397720634,0.611394407646237
0.7805474831592727,0.8014580288446562,0.46933988467680915
0.6883242720033527,0.7303383074861414,0.4576255279470039
0.7196542948208237,0.733325188749928,0.4061715611546214
0.797680334076887,0.8085524491238174,0.38140835077754637
0.20812886819280285,0.8118831370414739,0.39138497135017136
0.17303772713552337,0.7810315747727048,0.27296051777807334
0.4900432196868315,0.25491362758899216,0.3695288912683046
0.44548486822091077,0.2597990255532545,0.3604043511599076
0.30666163378409483,0.3065295227076889,0.5689405832435969
0.26601853619556026,0.3379140211307751,0.6219705466928819
0.735294232241357,0.6627232230076132,0.6265942326240704
0.6941578513392102,0.6922468043463231,0.5657271837117467
0.7403544930858829,0.27212358327238484,0.335426335593851
0.7406037383922934,0.32841307206856063,0.6675661056431822
0.7377589040935382,0.3230735733981664,0.7745405388340629
0.710423198605868,0.4425453642975652,0.7545609396095836
0.2618866968067795,0.676302241929562,0.775121464059093
0.2593344698926941,0.6714330323452429,0.6677494734321898
0.2613122721857584,0.32579715698386513,0.7900407482512745
0.18076300915649238,0.3737862521832412,0.8375600813866134
0.27772380576875205,0.41013538226840474,0.772232107631298
0.8186422573034062,0.6278773702978258,0.8367199878273954
0.7388791481706319,0.674019154063593,0.7898231833951082
0.593096091340824,0.16497483529465926,0.2202009967451687
0.5029670612195821,0.16423320284572515,0.22561127449356747
0.4959691775915039,0.16047305844992665,0.22645554382976152
0.48627049919059995,0.1632225745714241,0.2233498371396219
0.4040541730853119,0.15700798509857058,0.22771806516902912
0.5971040875975208,0.8376344432524816,0.22284982984281945
0.5091923549339031,0.8360128352813632,0.22260883914989565
0.5000874278955817,0.8396830165429645,0.22614731089625603
0.4968831494678179,0.8348198069789762,0.22425553823530725
0.405321607636857,0.8366972522661017,0.222822296628313
0.7209652842416097,0.6832150713434615,0.5863052805115311
0.1978023464453028,0.13835649280831397,0.2604579045033327
0.8011958314720339,0.8631377309092092,0.2615745427601214
0.42371524057424953,0.2592574751072935,0.35772445373842826
0.5764324950895491,0.746098355162668,0.36239730497208444
0.6863917114091399,0.252544886774188,0.5061697488410821
0.2607452891738088,0.3287311455333538,0.5943917045401377
0.6961988680012093,0.48802774632488993,0.741343516888879
0.6970051264003849,0.4876574025240513,0.7331165765649236
0.6989341465033885,0.5057110934374187,0.7353514525211093
0.7399957093537237,0.6713806657954576,0.598659381143733
0.741273295510981,0.25987418502935067,0.3623752105894544
0.2976769234266622,0.23944219646112694,0.48561246501587246
0.27175913422732123,0.3222304645617814,0.733794415491864
0.2822210632454936,0.5644643021230972,0.7609895313890109
0.725073644121533,0.6788870247718524,0.7352768859910584
0.7011182067715608,0.7610632188049596,0.48488567468466603
0.2555315736275185,0.7402252050165299,0.329805920269601
0.2578660743761442,0.7392651468430498,0.3623416034234854
0.8428968917025568,0.2714365568362216,0.86180585333712
0.15532005504951235,0.26170183074855957,0.8639218590809156
0.7297163395413461,0.5991964227116684,0.7773240226152581
0.8455324962972954,0.7380807252611481,0.8634055546517084
0.1569323077710597,0.7289004391874793,0.8611135727370833
0.8181090149544777,0.1779162773778592,0.1651107686905311
0.7068694482881466,0.1478914740252464,0.1970521428872509
0.288944128265918,0.15047112396011758,0.1936953610099836
0.7119730743250089,0.8475491794641592,0.19246116347358555
0.2927724438438226,0.8507024560528288,0.19591117820299037
0.1812726340922706,0.8235128835703316,0.16703932123089288
0.1325232473011897,0.20772038354084782,0.6135476516836562
0.2711803810419015,0.3093221119095477,0.5837154294777543
0.7052906998333983,0.4692031990712072,0.7500746839010332
0.7357061649162948,0.31357967948721965,0.5583001246225037
0.2907558092079513,0.5075754739187903,0.7484562433773461
0.2643440272605335,0.6869954018154313,0.5581854067126371
0.2462194548913526,0.30585186980166656,0.7363963849831111
0.2473201620465182,0.3070534746348514,0.7018456927784471
0.753654600919582,0.6917446637163306,0.7024190877695521
0.7533670146321166,0.6933974208797382,0.737640544623055
0.7333043641798119,0.6833798058388467,0.6717220411820327
0.741701302684776,0.34076652616837455,0.7911334994256465
0.2571363048187132,0.6593074572896543,0.7897423384527067
0.8375393971039067,0.13665016910613048,0.49980052939033304
0.8394004033096092,0.1454819441523298,0.5379239026610944
0.16014257263178933,0.14522498468883577,0.5344796152174875
0.8653344600921445,0.17324518821747295,0.555801172171772
0.1372707283007412,0.1696850667744811,0.5606285173785096
0.8851790878442631,0.1889210357976772,0.6253261209647354
0.11801793552002547,0.18402072154330473,0.7266306212005422
0.8693129152757402,0.5021082051691901,0.8293572259322224
0.12823462750235975,0.4973266883255991,0.8273348188938667
0.14013046959257167,0.509674619696591,0.8425988254741252
0.8833537982639939,0.8165424265296294,0.7246155855828197
0.8865882896519377,0.8104614301992192,0.6228869113546102
0.11372162709957004,0.810708759259782,0.624980803761185
0.8639512424655565,0.8279021934561793,0.561055594220044
0.13304786857448414,0.8258133512509147,0.5586869861986965
0.8393925480456156,0.8551781303835831,0.5370640635743658
0.15994075814822012,0.8543599708872616,0.5341906606186627
0.16135280446115374,0.8613399446759883,0.5006081425961646
0.7467348932629894,0.24484840192623564,0.3113116768744467
0.28535663313307447,0.5435990976096314,0.7637638504786024
0.4583629918151574,0.24947646470339932,0.3222612777635027
0.2804671178728157,0.48236533569468854,0.7512049225053077
0.7554710434294627,0.29862721063202025,0.6512590876627847
0.2617283625354365,0.3051244719661475,0.6768860061911673
0.2623916680033419,0.30439642115518784,0.6482409910870575
0.2612725373647284,0.2988951346987172,0.7792300684100661
0.7371614628243278,0.7007007767808325,0.7811687873660883
0.24070983749985803,0.7068173437844552,0.7515237794451427
0.7375022447786623,0.6933498092387287,0.6492631891168933
0.24297942219549878,0.7007412987987591,0.6505203073810838
0.46281339645132535,0.22812669032350277,0.3416244437695034
0.5353649419870068,0.7752494798696424,0.3436760830563011
0.6906545716390746,0.7552014467452112,0.30529657464701054
0.875494616713265,0.47518776539204394,0.8595015489863056
0.1272974491439801,0.4770892952301802,0.8616747729245529
0.876424576442766,0.522831302067176,0.858385267853273
0.2483038988425735,0.765333592506147,0.3045169176601026
0.8805174629456906,0.12167169500551613,0.39580622869275933
0.1419649445644265,0.11517339750338255,0.4803856618523833
0.8575605570660274,0.8864826205448175,0.4795826850703157
0.11922571976677482,0.8786129025253698,0.396328783444942
0.9005349221203615,0.15472401773429295,0.7463496873767557
0.8977941030625373,0.1531705743037751,0.8580360029308802
0.10130949644792796,0.15292393843186838,0.8525518790739165
0.8989960241981176,0.8471583315349376,0.8520978761620466
0.10177469377835911,0.8468288671768619,0.8574291149685018
0.10060733407615682,0.8452370303936144,0.7474560907027301
0.7447977441058293,0.7236713164512978,0.5759397087382021
0.13577642942475174,0.08028355367225101,0.18486549973021277
0.862807114615969,0.9202709929056783,0.18446213198246106
0.6752875826162232,0.24121010661831865,0.3241715335606261
0.5044808573849873,0.2122510673951129,0.34127672980287455
0.5281907342724738,0.2129976748477023,0.3400405512505094
0.7047977238083872,0.7559210890090391,0.3176022289489012
0.4720294642059141,0.7874553995509354,0.3415214009552992
0.32287796882529496,0.7597227571131395,0.3256364552451114
0.7666909574453494,0.2789892449626819,0.759065005128824
0.25671978867735573,0.3343467862508332,0.7962756122203057
0.2699366648045137,0.4194815800823974,0.78270720579303
0.7293386597665966,0.5799981451673972,0.7837692684137394
0.5814843575773334,0.21542938426840422,0.28359254878304585
0.5787102571775186,0.2107160000257718,0.3247997235538203
0.3028345829439268,0.23094825867992463,0.29639906849401537
0.7650030660814685,0.19941693137604263,0.49935168115763756
0.20685312593145724,0.5238156779959345,0.783377750334521
0.6226650011198059,0.2262728800987146,0.26251377063947395
0.5393171454592487,0.20735562734329865,0.32344451350072073
0.4640196606760092,0.21117968386568786,0.31967631139506497
0.7960359232507023,0.42883203706215006,0.8043565123708897
0.8903690816964417,0.38065958861853966,0.8987420874003192
0.2058983502034354,0.5651229741761319,0.8064502015650087
0.10999472415344974,0.6193987688208721,0.8991106547326037
0.5410100923547111,0.7935632997202712,0.32105213019055134
0.10154605784909577,0.0931277430210775,0.3732161140623516
0.10323043762950061,0.3725094005734781,0.9072896946355383
0.8955734842194222,0.6277182719476014,0.9083309497993873
0.8995371640910067,0.9056416383864728,0.373122836561329
0.766372420727042,0.21787636482154857,0.29020125864872637
0.7463997477215965,0.4597640269947173,0.7849699273874963
0.7452676951791387,0.4583156930636268,0.7803020235882123
0.23831179161065077,0.7630640066490069,0.5270104178903338
0.23840435590306558,0.7627280809412411,0.5634493888223445
0.7527199537334909,0.6771636828652269,0.8045125580703135
0.5987329038670764,0.781001282317883,0.2650340775773604
0.8193833941499091,0.7672056709008962,0.6132367733862819
0.7142856131410458,0.21953815426154497,0.28555860242529757
0.5546228926143423,0.20929924927624424,0.2684324746211464
0.5579760082092147,0.7878643030938829,0.2970529041982965
0.40719111974817,0.7972126592892295,0.2751748898330432
0.3723262486952595,0.7850264766596547,0.2569910727542472
0.9314048978865013,0.08318259977943439,0.14606490320369506
0.9209184449591079,0.0762166992275081,0.2588026331502188
0.0799413506343198,0.07342876530361274,0.25632197064580753
0.919257883987052,0.2615139779446726,0.9273846427369578
0.18354739091954095,0.4123105029002972,0.8279918923646994
0.08001093276065953,0.7385603283683327,0.9266690844110488
0.9211279011671978,0.9251349536463633,0.2559934644276727
0.08044226057648352,0.9251868213973596,0.2588339732401951
0.06766423532203188,0.9153696843245028,0.14549778479538955
0.6691968235806419,0.06444976954220881,0.09271623527625907
0.5642777112152789,0.06755687705520412,0.09276282448897802
0.5014883769927793,0.06570968537803504,0.09336014383753133
0.4349010506315794,0.06698614548211745,0.09182236056704161
0.32958143135598456,0.06317006455738358,0.09400561176466847
0.6707896633421891,0.9355993328217699,0.09287133678838089
0.5649956443434464,0.9306709977867348,0.08992742605056592
0.501778173553836,0.9339578132455292,0.09231888905393329
0.43581665798918134,0.9303572577562292,0.09067718676374738
0.3304709414155676,0.9358581701102531,0.09321211352723974
0.762660437473293,0.40268581974119066,0.7978443604006884
0.5300817818833315,0.791214478853719,0.31714850116797577
0.38864618622912983,0.7952814830862258,0.3113444033968716
0.6173365255522937,0.7926681154562497,0.29687446367353804
0.1790697038262806,0.2150968575605344,0.6217855640877946
0.17906857831240083,0.21515379844653895,0.584891961293161
0.8228231677538028,0.7842799454184682,0.5844156413429565
0.3364453585215077,0.20190201427877083,0.2831269633145589
0.6599978833734703,0.7954054296923023,0.28480835985810216
0.6647033627559656,0.7939571829989707,0.27642820490365116
0.271616635387801,0.7970647950301882,0.2746037880293127
0.32972193557394813,0.20183511638559268,0.27139143608009186
0.8201124761316905,0.6004771946710241,0.8370867870412114
0.3773365533137592,0.19825514829447333,0.28599622959177967
0.2005402653839227,0.22711984761004309,0.6916985142162843
0.06033002106190158,0.23582178197955248,0.9457843630011176
0.9394620931831877,0.7647324379507933,0.9454952874840035
0.2099281817808654,0.8090336148091696,0.26784965807397854
0.9022285837346105,0.05924302160854145,0.05497881238450005
0.7912802987362874,0.04936343603299355,0.06577836354959338
0.20756290993649373,0.0501199789716734,0.0645194262007935
0.793007709028164,0.9491318197043318,0.06422067773937776
0.20873043298301905,0.9502566303689667,0.06528205271908452
0.09753589749164995,0.9410633467001857,0.05578121970847531
0.0441631054875882,0.06922358171635287,0.6858392070353184
0.23278920469887004,0.5647577661223272,0.8049029446378058
0.2309714990156715,0.613835124830061,0.8100156451314108
0.4186487212225213,0.19479837145872414,0.27328963730341066
0.08244109088741038,0.026801431676394708,0.09861973593353714
0.9170831998269238,0.9733844117250688,0.09848001850352735
0.5791776724840115,0.8242989602169523,0.2815702913255257
